phone
13000000000
13000000001
13000000002
13000000003
13000000004
13000000005
13000000006
13000000007
13000000008
13000000009
13000000010
13000000011
13000000012
13000000013
13000000014
13000000015
13000000016
13000000017
13000000018
13000000019
13000000020
13000000021
13000000022
13000000023
13000000024
13000000025
13000000026
13000000027
13000000028
13000000029
13000000030
13000000031
13000000032
13000000033
13000000034
13000000035
13000000036
13000000037
13000000038
13000000039
13000000040
13000000041
13000000042
13000000043
13000000044
13000000045
13000000046
13000000047
13000000048
13000000049
13000000050
13000000051
13000000052
13000000053
13000000054
13000000055
13000000056
13000000057
13000000058
13000000059
13000000060
13000000061
13000000062
13000000063
13000000064
13000000065
13000000066
13000000067
13000000068
13000000069
13000000070
13000000071
13000000072
13000000073
13000000074
13000000075
13000000076
13000000077
13000000078
13000000079
13000000080
13000000081
13000000082
13000000083
13000000084
13000000085
13000000086
13000000087
13000000088
13000000089
13000000090
13000000091
13000000092
13000000093
13000000094
13000000095
13000000096
13000000097
13000000098
13000000099
13000000100
13000000101
13000000102
13000000103
13000000104
13000000105
13000000106
13000000107
13000000108
13000000109
13000000110
13000000111
13000000112
13000000113
13000000114
13000000115